<svg
  width="136"
  height="20"
  viewBox="0 0 136 20"
  xmlns="http://www.w3.org/2000/svg">
  <defs>
    <linearGradient
      id="a"
      x1="0"
      y1="0"
      x2="0"
      y2="1">
      <stop
        offset="0"
        stop-color="#bbbbbb"
        stop-opacity="0.1"/>
      <stop
        offset="1"
        stop-color="#000000"
        stop-opacity="0.1"/>
    </linearGradient>
  </defs>
  <path
    fill="#555555"
    stroke="none"
    d="M 3 0 L 133 0 C 134.65685424949 0 136 1.34314575051 136 3 L 136 17 C 136 18.65685424949 134.65685424949 20 133 20 L 3 20 C 1.34314575051 20 0 18.65685424949 0 17 L 0 3 C -0 1.34314575051 1.34314575051 0 3 0 Z"/>
  <path
    fill="#44cc11"
    stroke="none"
    d="M 100 0 L 133 0 C 134.65685424949 0 136 1.34314575051 136 3 L 136 17 C 136 18.65685424949 134.65685424949 20 133 20 L 100 20 C 98.34314575051 20 97 18.65685424949 97 17 L 97 3 C 97 1.34314575051 98.34314575051 0 100 0 Z"/>
  <path
    fill="#44cc11"
    stroke="none"
    d="M 97 0 L 110 0 L 110 20 L 97 20 Z"/>
  <path
    fill="url(#a)"
    stroke="none"
    d="M 3 0 L 133 0 C 134.65685424949 0 136 1.34314575051 136 3 L 136 17 C 136 18.65685424949 134.65685424949 20 133 20 L 3 20 C 1.34314575051 20 0 18.65685424949 0 17 L 0 3 C -0 1.34314575051 1.34314575051 0 3 0 Z"/>
  <path
    id="tBack"
    fill="#010101"
    fill-opacity="0.3"
    stroke="#010101"
    stroke-width="0.3"
    d="M 11.35498046875 11.99755859375 C 11.35498046875 11.27067057292 11.20548502604 10.70043945313 10.90649414063 10.28686523438 C 10.60750325521 9.87329101563 10.19661458333 9.66650390625 9.673828125 9.66650390625 C 9.15104166667 9.66650390625 8.74015299479 9.87329101563 8.44116210938 10.28686523438 C 8.14217122396 10.70043945313 7.99267578125 11.27067057292 7.99267578125 11.99755859375 C 7.99267578125 12.72444661458 8.14217122396 13.29467773438 8.44116210938 13.70825195313 C 8.74015299479 14.12182617188 9.15104166667 14.32861328125 9.673828125 14.32861328125 C 10.19661458333 14.32861328125 10.60750325521 14.12182617188 10.90649414063 13.70825195313 C 11.20548502604 13.29467773438 11.35498046875 12.72444661458 11.35498046875 11.99755859375 Z M 7.99267578125 9.8974609375 C 8.20035807292 9.53938802083 8.46264648438 9.27351888021 8.77954101563 9.09985351563 C 9.09643554688 8.92618815104 9.47509765625 8.83935546875 9.91552734375 8.83935546875 C 10.64599609375 8.83935546875 11.23950195313 9.12939453125 11.69604492188 9.70947265625 C 12.15258789063 10.28955078125 12.380859375 11.05224609375 12.380859375 11.99755859375 C 12.380859375 12.94287109375 12.15258789063 13.70556640625 11.69604492188 14.28564453125 C 11.23950195313 14.86572265625 10.64599609375 15.15576171875 9.91552734375 15.15576171875 C 9.47509765625 15.15576171875 9.09643554688 15.06892903646 8.77954101563 14.89526367188 C 8.46264648438 14.72159830729 8.20035807292 14.45572916667 7.99267578125 14.09765625 L 7.99267578125 15 L 6.9990234375 15 L 6.9990234375 6.642578125 L 7.99267578125 6.642578125 L 7.99267578125 9.8974609375 Z M 16.35009765625 9.67724609375 C 15.82014973958 9.67724609375 15.40120442708 9.88403320313 15.09326171875 10.29760742188 C 14.78531901042 10.71118164063 14.63134765625 11.27783203125 14.63134765625 11.99755859375 C 14.63134765625 12.71728515625 14.78442382813 13.28393554688 15.09057617188 13.69750976563 C 15.39672851563 14.11108398438 15.81656901042 14.31787109375 16.35009765625 14.31787109375 C 16.87646484375 14.31787109375 17.29361979167 14.11018880208 17.6015625 13.69482421875 C 17.90950520833 13.27945963542 18.0634765625 12.71370442708 18.0634765625 11.99755859375 C 18.0634765625 11.28499348958 17.90950520833 10.72013346354 17.6015625 10.30297851563 C 17.29361979167 9.88582356771 16.87646484375 9.67724609375 16.35009765625 9.67724609375 Z M 16.35009765625 8.83935546875 C 17.20947265625 8.83935546875 17.88444010417 9.11865234375 18.375 9.67724609375 C 18.86555989583 10.23583984375 19.11083984375 11.00927734375 19.11083984375 11.99755859375 C 19.11083984375 12.98225911458 18.86555989583 13.75480143229 18.375 14.31518554688 C 17.88444010417 14.87556966146 17.20947265625 15.15576171875 16.35009765625 15.15576171875 C 15.48714192708 15.15576171875 14.81127929688 14.87556966146 14.32250976563 14.31518554688 C 13.83374023438 13.75480143229 13.58935546875 12.98225911458 13.58935546875 11.99755859375 C 13.58935546875 11.00927734375 13.83374023438 10.23583984375 14.32250976563 9.67724609375 C 14.81127929688 9.11865234375 15.48714192708 8.83935546875 16.35009765625 8.83935546875 Z M 20.17431640625 8.984375 L 21.16259765625 8.984375 L 22.39794921875 13.6787109375 L 23.6279296875 8.984375 L 24.79345703125 8.984375 L 26.02880859375 13.6787109375 L 27.2587890625 8.984375 L 28.2470703125 8.984375 L 26.67333984375 15 L 25.5078125 15 L 24.21337890625 10.0693359375 L 22.91357421875 15 L 21.748046875 15 L 20.17431640625 8.984375 Z M 34.89111328125 11.7451171875 L 34.89111328125 12.228515625 L 30.34716796875 12.228515625 C 30.39013671875 12.90885416667 30.59513346354 13.42716471354 30.96215820313 13.78344726563 C 31.32918294271 14.13972981771 31.84033203125 14.31787109375 32.49560546875 14.31787109375 C 32.87516276042 14.31787109375 33.24308268229 14.27132161458 33.59936523438 14.17822265625 C 33.95564778646 14.08512369792 34.30924479167 13.94547526042 34.66015625 13.75927734375 L 34.66015625 14.69384765625 C 34.3056640625 14.84423828125 33.94222005208 14.95882161458 33.56982421875 15.03759765625 C 33.19742838542 15.11637369792 32.81966145833 15.15576171875 32.4365234375 15.15576171875 C 31.47688802083 15.15576171875 30.71687825521 14.87646484375 30.15649414063 14.31787109375 C 29.59611002604 13.75927734375 29.31591796875 13.00374348958 29.31591796875 12.05126953125 C 29.31591796875 11.06656901042 29.58178710938 10.28507486979 30.11352539063 9.70678710938 C 30.64526367188 9.12849934896 31.3623046875 8.83935546875 32.2646484375 8.83935546875 C 33.07389322917 8.83935546875 33.71394856771 9.09985351563 34.18481445313 9.62084960938 C 34.65568033854 10.14184570313 34.89111328125 10.84993489583 34.89111328125 11.7451171875 Z M 33.90283203125 11.455078125 C 33.89567057292 10.91438802083 33.74438476563 10.48291015625 33.44897460938 10.16064453125 C 33.15356445313 9.83837890625 32.76236979167 9.67724609375 32.275390625 9.67724609375 C 31.72395833333 9.67724609375 31.28263346354 9.8330078125 30.95141601563 10.14453125 C 30.62019856771 10.4560546875 30.42952473958 10.89469401042 30.37939453125 11.46044921875 L 33.90283203125 11.455078125 Z M 39.9990234375 9.908203125 C 39.88802083333 9.84375 39.76717122396 9.79630533854 39.63647460938 9.76586914063 C 39.50577799479 9.73543294271 39.36165364583 9.72021484375 39.2041015625 9.72021484375 C 38.6455078125 9.72021484375 38.21671549479 9.90193684896 37.91772460938 10.26538085938 C 37.61873372396 10.62882486979 37.46923828125 11.15071614583 37.46923828125 11.8310546875 L 37.46923828125 15 L 36.4755859375 15 L 36.4755859375 8.984375 L 37.46923828125 8.984375 L 37.46923828125 9.9189453125 C 37.67692057292 9.5537109375 37.947265625 9.28247070313 38.2802734375 9.10522460938 C 38.61328125 8.92797851563 39.01790364583 8.83935546875 39.494140625 8.83935546875 C 39.56217447917 8.83935546875 39.63736979167 8.84383138021 39.7197265625 8.85278320313 C 39.80208333333 8.86173502604 39.89339192708 8.87516276042 39.99365234375 8.89306640625 L 39.9990234375 9.908203125 Z M 45.48828125 14.09765625 L 45.48828125 17.2880859375 L 44.49462890625 17.2880859375 L 44.49462890625 8.984375 L 45.48828125 8.984375 L 45.48828125 9.8974609375 C 45.69596354167 9.53938802083 45.95825195313 9.27351888021 46.27514648438 9.09985351563 C 46.59204101563 8.92618815104 46.970703125 8.83935546875 47.4111328125 8.83935546875 C 48.1416015625 8.83935546875 48.73510742188 9.12939453125 49.19165039063 9.70947265625 C 49.64819335938 10.28955078125 49.87646484375 11.05224609375 49.87646484375 11.99755859375 C 49.87646484375 12.94287109375 49.64819335938 13.70556640625 49.19165039063 14.28564453125 C 48.73510742188 14.86572265625 48.1416015625 15.15576171875 47.4111328125 15.15576171875 C 46.970703125 15.15576171875 46.59204101563 15.06892903646 46.27514648438 14.89526367188 C 45.95825195313 14.72159830729 45.69596354167 14.45572916667 45.48828125 14.09765625 Z M 48.8505859375 11.99755859375 C 48.8505859375 11.27067057292 48.70109049479 10.70043945313 48.40209960938 10.28686523438 C 48.10310872396 9.87329101563 47.69222005208 9.66650390625 47.16943359375 9.66650390625 C 46.64664713542 9.66650390625 46.23575846354 9.87329101563 45.93676757813 10.28686523438 C 45.63777669271 10.70043945313 45.48828125 11.27067057292 45.48828125 11.99755859375 C 45.48828125 12.72444661458 45.63777669271 13.29467773438 45.93676757813 13.70825195313 C 46.23575846354 14.12182617188 46.64664713542 14.32861328125 47.16943359375 14.32861328125 C 47.69222005208 14.32861328125 48.10310872396 14.12182617188 48.40209960938 13.70825195313 C 48.70109049479 13.29467773438 48.8505859375 12.72444661458 48.8505859375 11.99755859375 Z M 54.24853515625 11.97607421875 C 53.45003255208 11.97607421875 52.89680989583 12.0673828125 52.5888671875 12.25 C 52.28092447917 12.4326171875 52.126953125 12.744140625 52.126953125 13.1845703125 C 52.126953125 13.53548177083 52.24243164063 13.81388346354 52.47338867188 14.01977539063 C 52.70434570313 14.22566731771 53.0185546875 14.32861328125 53.416015625 14.32861328125 C 53.9638671875 14.32861328125 54.40340169271 14.13435872396 54.73461914063 13.74584960938 C 55.06583658854 13.35734049479 55.2314453125 12.8408203125 55.2314453125 12.1962890625 L 55.2314453125 11.97607421875 L 54.24853515625 11.97607421875 Z M 56.2197265625 11.56787109375 L 56.2197265625 15 L 55.2314453125 15 L 55.2314453125 14.0869140625 C 55.005859375 14.4521484375 54.72477213542 14.72159830729 54.38818359375 14.89526367188 C 54.05159505208 15.06892903646 53.63981119792 15.15576171875 53.15283203125 15.15576171875 C 52.53694661458 15.15576171875 52.04728190104 14.98299153646 51.68383789063 14.63745117188 C 51.32039388021 14.29191080729 51.138671875 13.8291015625 51.138671875 13.2490234375 C 51.138671875 12.572265625 51.36515299479 12.06201171875 51.81811523438 11.71826171875 C 52.27107747396 11.37451171875 52.94694010417 11.20263671875 53.845703125 11.20263671875 L 55.2314453125 11.20263671875 L 55.2314453125 11.10595703125 C 55.2314453125 10.65120442708 55.08194986979 10.29939778646 54.78295898438 10.05053710938 C 54.48396809896 9.80167643229 54.06412760417 9.67724609375 53.5234375 9.67724609375 C 53.1796875 9.67724609375 52.84488932292 9.71842447917 52.51904296875 9.80078125 C 52.19319661458 9.88313802083 51.8798828125 10.00667317708 51.5791015625 10.17138671875 L 51.5791015625 9.25830078125 C 51.94075520833 9.11865234375 52.29166666667 9.01391601563 52.6318359375 8.94409179688 C 52.97200520833 8.87426757813 53.30322265625 8.83935546875 53.62548828125 8.83935546875 C 54.49560546875 8.83935546875 55.1455078125 9.06494140625 55.5751953125 9.51611328125 C 56.0048828125 9.96728515625 56.2197265625 10.65120442708 56.2197265625 11.56787109375 Z M 62.58447265625 9.21533203125 L 62.58447265625 10.13916015625 C 62.30517578125 9.98518880208 62.02498372396 9.86971028646 61.74389648438 9.79272460938 C 61.46280924479 9.71573893229 61.17903645833 9.67724609375 60.892578125 9.67724609375 C 60.25162760417 9.67724609375 59.75390625 9.88045247396 59.3994140625 10.28686523438 C 59.044921875 10.69327799479 58.86767578125 11.26350911458 58.86767578125 11.99755859375 C 58.86767578125 12.73160807292 59.044921875 13.30183919271 59.3994140625 13.70825195313 C 59.75390625 14.11466471354 60.25162760417 14.31787109375 60.892578125 14.31787109375 C 61.17903645833 14.31787109375 61.46280924479 14.27937825521 61.74389648438 14.20239257813 C 62.02498372396 14.12540690104 62.30517578125 14.00992838542 62.58447265625 13.85595703125 L 62.58447265625 14.76904296875 C 62.30875651042 14.89794921875 62.02319335938 14.99462890625 61.72778320313 15.05908203125 C 61.43237304688 15.12353515625 61.1181640625 15.15576171875 60.78515625 15.15576171875 C 59.87923177083 15.15576171875 59.15950520833 14.87109375 58.6259765625 14.3017578125 C 58.09244791667 13.732421875 57.82568359375 12.96435546875 57.82568359375 11.99755859375 C 57.82568359375 11.01643880208 58.09513346354 10.24479166667 58.63403320313 9.6826171875 C 59.17293294271 9.12044270833 59.91145833333 8.83935546875 60.849609375 8.83935546875 C 61.15397135417 8.83935546875 61.451171875 8.87068684896 61.7412109375 8.93334960938 C 62.03125 8.99601236979 62.31233723958 9.09000651042 62.58447265625 9.21533203125 Z M 64.265625 6.642578125 L 65.25927734375 6.642578125 L 65.25927734375 11.57861328125 L 68.2080078125 8.984375 L 69.47021484375 8.984375 L 66.27978515625 11.798828125 L 69.6044921875 15 L 68.3154296875 15 L 65.25927734375 12.06201171875 L 65.25927734375 15 L 64.265625 15 L 64.265625 6.642578125 Z M 73.2138671875 11.97607421875 C 72.41536458333 11.97607421875 71.86214192708 12.0673828125 71.55419921875 12.25 C 71.24625651042 12.4326171875 71.09228515625 12.744140625 71.09228515625 13.1845703125 C 71.09228515625 13.53548177083 71.20776367188 13.81388346354 71.43872070313 14.01977539063 C 71.66967773438 14.22566731771 71.98388671875 14.32861328125 72.38134765625 14.32861328125 C 72.92919921875 14.32861328125 73.36873372396 14.13435872396 73.69995117188 13.74584960938 C 74.03116861979 13.35734049479 74.19677734375 12.8408203125 74.19677734375 12.1962890625 L 74.19677734375 11.97607421875 L 73.2138671875 11.97607421875 Z M 75.18505859375 11.56787109375 L 75.18505859375 15 L 74.19677734375 15 L 74.19677734375 14.0869140625 C 73.97119140625 14.4521484375 73.69010416667 14.72159830729 73.353515625 14.89526367188 C 73.01692708333 15.06892903646 72.60514322917 15.15576171875 72.1181640625 15.15576171875 C 71.50227864583 15.15576171875 71.01261393229 14.98299153646 70.64916992188 14.63745117188 C 70.28572591146 14.29191080729 70.10400390625 13.8291015625 70.10400390625 13.2490234375 C 70.10400390625 12.572265625 70.33048502604 12.06201171875 70.78344726563 11.71826171875 C 71.23640950521 11.37451171875 71.91227213542 11.20263671875 72.81103515625 11.20263671875 L 74.19677734375 11.20263671875 L 74.19677734375 11.10595703125 C 74.19677734375 10.65120442708 74.04728190104 10.29939778646 73.74829101563 10.05053710938 C 73.44930013021 9.80167643229 73.02945963542 9.67724609375 72.48876953125 9.67724609375 C 72.14501953125 9.67724609375 71.81022135417 9.71842447917 71.484375 9.80078125 C 71.15852864583 9.88313802083 70.84521484375 10.00667317708 70.54443359375 10.17138671875 L 70.54443359375 9.25830078125 C 70.90608723958 9.11865234375 71.25699869792 9.01391601563 71.59716796875 8.94409179688 C 71.93733723958 8.87426757813 72.2685546875 8.83935546875 72.5908203125 8.83935546875 C 73.4609375 8.83935546875 74.11083984375 9.06494140625 74.54052734375 9.51611328125 C 74.97021484375 9.96728515625 75.18505859375 10.65120442708 75.18505859375 11.56787109375 Z M 81.17919921875 11.92236328125 C 81.17919921875 11.20621744792 81.03149414063 10.65120442708 80.73608398438 10.25732421875 C 80.44067382813 9.86344401042 80.02620442708 9.66650390625 79.49267578125 9.66650390625 C 78.96272786458 9.66650390625 78.55004882813 9.86344401042 78.25463867188 10.25732421875 C 77.95922851563 10.65120442708 77.8115234375 11.20621744792 77.8115234375 11.92236328125 C 77.8115234375 12.63492838542 77.95922851563 13.18815104167 78.25463867188 13.58203125 C 78.55004882813 13.97591145833 78.96272786458 14.1728515625 79.49267578125 14.1728515625 C 80.02620442708 14.1728515625 80.44067382813 13.97591145833 80.73608398438 13.58203125 C 81.03149414063 13.18815104167 81.17919921875 12.63492838542 81.17919921875 11.92236328125 Z M 82.16748046875 14.25341796875 C 82.16748046875 15.27750651042 81.94010416667 16.03930664063 81.4853515625 16.53881835938 C 81.03059895833 17.03833007813 80.33414713542 17.2880859375 79.39599609375 17.2880859375 C 79.04866536458 17.2880859375 78.72102864583 17.26212565104 78.4130859375 17.21020507813 C 78.10514322917 17.15828450521 77.80615234375 17.07861328125 77.51611328125 16.97119140625 L 77.51611328125 16.009765625 C 77.80615234375 16.16731770833 78.09261067708 16.28369140625 78.37548828125 16.35888671875 C 78.65836588542 16.43408203125 78.94661458333 16.4716796875 79.240234375 16.4716796875 C 79.88834635417 16.4716796875 80.37353515625 16.30249023438 80.69580078125 15.96411132813 C 81.01806640625 15.62573242188 81.17919921875 15.11458333333 81.17919921875 14.4306640625 L 81.17919921875 13.94189453125 C 80.97509765625 14.29638671875 80.71370442708 14.56136067708 80.39501953125 14.73681640625 C 80.07633463542 14.91227213542 79.69498697917 15 79.2509765625 15 C 78.51334635417 15 77.9189453125 14.71891276042 77.4677734375 14.15673828125 C 77.0166015625 13.59456380208 76.791015625 12.84977213542 76.791015625 11.92236328125 C 76.791015625 10.99137369792 77.0166015625 10.24479166667 77.4677734375 9.6826171875 C 77.9189453125 9.12044270833 78.51334635417 8.83935546875 79.2509765625 8.83935546875 C 79.69498697917 8.83935546875 80.07633463542 8.92708333333 80.39501953125 9.1025390625 C 80.71370442708 9.27799479167 80.97509765625 9.54296875 81.17919921875 9.8974609375 L 81.17919921875 8.984375 L 82.16748046875 8.984375 L 82.16748046875 14.25341796875 Z M 89.3486328125 11.7451171875 L 89.3486328125 12.228515625 L 84.8046875 12.228515625 C 84.84765625 12.90885416667 85.05265299479 13.42716471354 85.41967773438 13.78344726563 C 85.78670247396 14.13972981771 86.2978515625 14.31787109375 86.953125 14.31787109375 C 87.33268229167 14.31787109375 87.70060221354 14.27132161458 88.05688476563 14.17822265625 C 88.41316731771 14.08512369792 88.76676432292 13.94547526042 89.11767578125 13.75927734375 L 89.11767578125 14.69384765625 C 88.76318359375 14.84423828125 88.39973958333 14.95882161458 88.02734375 15.03759765625 C 87.65494791667 15.11637369792 87.27718098958 15.15576171875 86.89404296875 15.15576171875 C 85.93440755208 15.15576171875 85.17439778646 14.87646484375 84.61401367188 14.31787109375 C 84.05362955729 13.75927734375 83.7734375 13.00374348958 83.7734375 12.05126953125 C 83.7734375 11.06656901042 84.03930664063 10.28507486979 84.57104492188 9.70678710938 C 85.10278320313 9.12849934896 85.81982421875 8.83935546875 86.72216796875 8.83935546875 C 87.53141276042 8.83935546875 88.17146809896 9.09985351563 88.64233398438 9.62084960938 C 89.11319986979 10.14184570313 89.3486328125 10.84993489583 89.3486328125 11.7451171875 Z M 88.3603515625 11.455078125 C 88.35319010417 10.91438802083 88.20190429688 10.48291015625 87.90649414063 10.16064453125 C 87.61108398438 9.83837890625 87.21988932292 9.67724609375 86.73291015625 9.67724609375 C 86.18147786458 9.67724609375 85.74015299479 9.8330078125 85.40893554688 10.14453125 C 85.07771809896 10.4560546875 84.88704427083 10.89469401042 84.8369140625 11.46044921875 L 88.3603515625 11.455078125 Z"/>
  <path
    id="tText"
    fill="#ffffff"
    stroke="#ffffff"
    stroke-width="0.3"
    d="M 11.35498046875 10.99755859375 C 11.35498046875 10.27067057292 11.20548502604 9.70043945313 10.90649414063 9.28686523438 C 10.60750325521 8.87329101563 10.19661458333 8.66650390625 9.673828125 8.66650390625 C 9.15104166667 8.66650390625 8.74015299479 8.87329101563 8.44116210938 9.28686523438 C 8.14217122396 9.70043945313 7.99267578125 10.27067057292 7.99267578125 10.99755859375 C 7.99267578125 11.72444661458 8.14217122396 12.29467773438 8.44116210938 12.70825195313 C 8.74015299479 13.12182617188 9.15104166667 13.32861328125 9.673828125 13.32861328125 C 10.19661458333 13.32861328125 10.60750325521 13.12182617188 10.90649414063 12.70825195313 C 11.20548502604 12.29467773438 11.35498046875 11.72444661458 11.35498046875 10.99755859375 Z M 7.99267578125 8.8974609375 C 8.20035807292 8.53938802083 8.46264648438 8.27351888021 8.77954101563 8.09985351563 C 9.09643554688 7.92618815104 9.47509765625 7.83935546875 9.91552734375 7.83935546875 C 10.64599609375 7.83935546875 11.23950195313 8.12939453125 11.69604492188 8.70947265625 C 12.15258789063 9.28955078125 12.380859375 10.05224609375 12.380859375 10.99755859375 C 12.380859375 11.94287109375 12.15258789063 12.70556640625 11.69604492188 13.28564453125 C 11.23950195313 13.86572265625 10.64599609375 14.15576171875 9.91552734375 14.15576171875 C 9.47509765625 14.15576171875 9.09643554688 14.06892903646 8.77954101563 13.89526367188 C 8.46264648438 13.72159830729 8.20035807292 13.45572916667 7.99267578125 13.09765625 L 7.99267578125 14 L 6.9990234375 14 L 6.9990234375 5.642578125 L 7.99267578125 5.642578125 L 7.99267578125 8.8974609375 Z M 16.35009765625 8.67724609375 C 15.82014973958 8.67724609375 15.40120442708 8.88403320313 15.09326171875 9.29760742188 C 14.78531901042 9.71118164063 14.63134765625 10.27783203125 14.63134765625 10.99755859375 C 14.63134765625 11.71728515625 14.78442382813 12.28393554688 15.09057617188 12.69750976563 C 15.39672851563 13.11108398438 15.81656901042 13.31787109375 16.35009765625 13.31787109375 C 16.87646484375 13.31787109375 17.29361979167 13.11018880208 17.6015625 12.69482421875 C 17.90950520833 12.27945963542 18.0634765625 11.71370442708 18.0634765625 10.99755859375 C 18.0634765625 10.28499348958 17.90950520833 9.72013346354 17.6015625 9.30297851563 C 17.29361979167 8.88582356771 16.87646484375 8.67724609375 16.35009765625 8.67724609375 Z M 16.35009765625 7.83935546875 C 17.20947265625 7.83935546875 17.88444010417 8.11865234375 18.375 8.67724609375 C 18.86555989583 9.23583984375 19.11083984375 10.00927734375 19.11083984375 10.99755859375 C 19.11083984375 11.98225911458 18.86555989583 12.75480143229 18.375 13.31518554688 C 17.88444010417 13.87556966146 17.20947265625 14.15576171875 16.35009765625 14.15576171875 C 15.48714192708 14.15576171875 14.81127929688 13.87556966146 14.32250976563 13.31518554688 C 13.83374023438 12.75480143229 13.58935546875 11.98225911458 13.58935546875 10.99755859375 C 13.58935546875 10.00927734375 13.83374023438 9.23583984375 14.32250976563 8.67724609375 C 14.81127929688 8.11865234375 15.48714192708 7.83935546875 16.35009765625 7.83935546875 Z M 20.17431640625 7.984375 L 21.16259765625 7.984375 L 22.39794921875 12.6787109375 L 23.6279296875 7.984375 L 24.79345703125 7.984375 L 26.02880859375 12.6787109375 L 27.2587890625 7.984375 L 28.2470703125 7.984375 L 26.67333984375 14 L 25.5078125 14 L 24.21337890625 9.0693359375 L 22.91357421875 14 L 21.748046875 14 L 20.17431640625 7.984375 Z M 34.89111328125 10.7451171875 L 34.89111328125 11.228515625 L 30.34716796875 11.228515625 C 30.39013671875 11.90885416667 30.59513346354 12.42716471354 30.96215820313 12.78344726563 C 31.32918294271 13.13972981771 31.84033203125 13.31787109375 32.49560546875 13.31787109375 C 32.87516276042 13.31787109375 33.24308268229 13.27132161458 33.59936523438 13.17822265625 C 33.95564778646 13.08512369792 34.30924479167 12.94547526042 34.66015625 12.75927734375 L 34.66015625 13.69384765625 C 34.3056640625 13.84423828125 33.94222005208 13.95882161458 33.56982421875 14.03759765625 C 33.19742838542 14.11637369792 32.81966145833 14.15576171875 32.4365234375 14.15576171875 C 31.47688802083 14.15576171875 30.71687825521 13.87646484375 30.15649414063 13.31787109375 C 29.59611002604 12.75927734375 29.31591796875 12.00374348958 29.31591796875 11.05126953125 C 29.31591796875 10.06656901042 29.58178710938 9.28507486979 30.11352539063 8.70678710938 C 30.64526367188 8.12849934896 31.3623046875 7.83935546875 32.2646484375 7.83935546875 C 33.07389322917 7.83935546875 33.71394856771 8.09985351563 34.18481445313 8.62084960938 C 34.65568033854 9.14184570313 34.89111328125 9.84993489583 34.89111328125 10.7451171875 Z M 33.90283203125 10.455078125 C 33.89567057292 9.91438802083 33.74438476563 9.48291015625 33.44897460938 9.16064453125 C 33.15356445313 8.83837890625 32.76236979167 8.67724609375 32.275390625 8.67724609375 C 31.72395833333 8.67724609375 31.28263346354 8.8330078125 30.95141601563 9.14453125 C 30.62019856771 9.4560546875 30.42952473958 9.89469401042 30.37939453125 10.46044921875 L 33.90283203125 10.455078125 Z M 39.9990234375 8.908203125 C 39.88802083333 8.84375 39.76717122396 8.79630533854 39.63647460938 8.76586914063 C 39.50577799479 8.73543294271 39.36165364583 8.72021484375 39.2041015625 8.72021484375 C 38.6455078125 8.72021484375 38.21671549479 8.90193684896 37.91772460938 9.26538085938 C 37.61873372396 9.62882486979 37.46923828125 10.15071614583 37.46923828125 10.8310546875 L 37.46923828125 14 L 36.4755859375 14 L 36.4755859375 7.984375 L 37.46923828125 7.984375 L 37.46923828125 8.9189453125 C 37.67692057292 8.5537109375 37.947265625 8.28247070313 38.2802734375 8.10522460938 C 38.61328125 7.92797851563 39.01790364583 7.83935546875 39.494140625 7.83935546875 C 39.56217447917 7.83935546875 39.63736979167 7.84383138021 39.7197265625 7.85278320313 C 39.80208333333 7.86173502604 39.89339192708 7.87516276042 39.99365234375 7.89306640625 L 39.9990234375 8.908203125 Z M 45.48828125 13.09765625 L 45.48828125 16.2880859375 L 44.49462890625 16.2880859375 L 44.49462890625 7.984375 L 45.48828125 7.984375 L 45.48828125 8.8974609375 C 45.69596354167 8.53938802083 45.95825195313 8.27351888021 46.27514648438 8.09985351563 C 46.59204101563 7.92618815104 46.970703125 7.83935546875 47.4111328125 7.83935546875 C 48.1416015625 7.83935546875 48.73510742188 8.12939453125 49.19165039063 8.70947265625 C 49.64819335938 9.28955078125 49.87646484375 10.05224609375 49.87646484375 10.99755859375 C 49.87646484375 11.94287109375 49.64819335938 12.70556640625 49.19165039063 13.28564453125 C 48.73510742188 13.86572265625 48.1416015625 14.15576171875 47.4111328125 14.15576171875 C 46.970703125 14.15576171875 46.59204101563 14.06892903646 46.27514648438 13.89526367188 C 45.95825195313 13.72159830729 45.69596354167 13.45572916667 45.48828125 13.09765625 Z M 48.8505859375 10.99755859375 C 48.8505859375 10.27067057292 48.70109049479 9.70043945313 48.40209960938 9.28686523438 C 48.10310872396 8.87329101563 47.69222005208 8.66650390625 47.16943359375 8.66650390625 C 46.64664713542 8.66650390625 46.23575846354 8.87329101563 45.93676757813 9.28686523438 C 45.63777669271 9.70043945313 45.48828125 10.27067057292 45.48828125 10.99755859375 C 45.48828125 11.72444661458 45.63777669271 12.29467773438 45.93676757813 12.70825195313 C 46.23575846354 13.12182617188 46.64664713542 13.32861328125 47.16943359375 13.32861328125 C 47.69222005208 13.32861328125 48.10310872396 13.12182617188 48.40209960938 12.70825195313 C 48.70109049479 12.29467773438 48.8505859375 11.72444661458 48.8505859375 10.99755859375 Z M 54.24853515625 10.97607421875 C 53.45003255208 10.97607421875 52.89680989583 11.0673828125 52.5888671875 11.25 C 52.28092447917 11.4326171875 52.126953125 11.744140625 52.126953125 12.1845703125 C 52.126953125 12.53548177083 52.24243164063 12.81388346354 52.47338867188 13.01977539063 C 52.70434570313 13.22566731771 53.0185546875 13.32861328125 53.416015625 13.32861328125 C 53.9638671875 13.32861328125 54.40340169271 13.13435872396 54.73461914063 12.74584960938 C 55.06583658854 12.35734049479 55.2314453125 11.8408203125 55.2314453125 11.1962890625 L 55.2314453125 10.97607421875 L 54.24853515625 10.97607421875 Z M 56.2197265625 10.56787109375 L 56.2197265625 14 L 55.2314453125 14 L 55.2314453125 13.0869140625 C 55.005859375 13.4521484375 54.72477213542 13.72159830729 54.38818359375 13.89526367188 C 54.05159505208 14.06892903646 53.63981119792 14.15576171875 53.15283203125 14.15576171875 C 52.53694661458 14.15576171875 52.04728190104 13.98299153646 51.68383789063 13.63745117188 C 51.32039388021 13.29191080729 51.138671875 12.8291015625 51.138671875 12.2490234375 C 51.138671875 11.572265625 51.36515299479 11.06201171875 51.81811523438 10.71826171875 C 52.27107747396 10.37451171875 52.94694010417 10.20263671875 53.845703125 10.20263671875 L 55.2314453125 10.20263671875 L 55.2314453125 10.10595703125 C 55.2314453125 9.65120442708 55.08194986979 9.29939778646 54.78295898438 9.05053710938 C 54.48396809896 8.80167643229 54.06412760417 8.67724609375 53.5234375 8.67724609375 C 53.1796875 8.67724609375 52.84488932292 8.71842447917 52.51904296875 8.80078125 C 52.19319661458 8.88313802083 51.8798828125 9.00667317708 51.5791015625 9.17138671875 L 51.5791015625 8.25830078125 C 51.94075520833 8.11865234375 52.29166666667 8.01391601563 52.6318359375 7.94409179688 C 52.97200520833 7.87426757813 53.30322265625 7.83935546875 53.62548828125 7.83935546875 C 54.49560546875 7.83935546875 55.1455078125 8.06494140625 55.5751953125 8.51611328125 C 56.0048828125 8.96728515625 56.2197265625 9.65120442708 56.2197265625 10.56787109375 Z M 62.58447265625 8.21533203125 L 62.58447265625 9.13916015625 C 62.30517578125 8.98518880208 62.02498372396 8.86971028646 61.74389648438 8.79272460938 C 61.46280924479 8.71573893229 61.17903645833 8.67724609375 60.892578125 8.67724609375 C 60.25162760417 8.67724609375 59.75390625 8.88045247396 59.3994140625 9.28686523438 C 59.044921875 9.69327799479 58.86767578125 10.26350911458 58.86767578125 10.99755859375 C 58.86767578125 11.73160807292 59.044921875 12.30183919271 59.3994140625 12.70825195313 C 59.75390625 13.11466471354 60.25162760417 13.31787109375 60.892578125 13.31787109375 C 61.17903645833 13.31787109375 61.46280924479 13.27937825521 61.74389648438 13.20239257813 C 62.02498372396 13.12540690104 62.30517578125 13.00992838542 62.58447265625 12.85595703125 L 62.58447265625 13.76904296875 C 62.30875651042 13.89794921875 62.02319335938 13.99462890625 61.72778320313 14.05908203125 C 61.43237304688 14.12353515625 61.1181640625 14.15576171875 60.78515625 14.15576171875 C 59.87923177083 14.15576171875 59.15950520833 13.87109375 58.6259765625 13.3017578125 C 58.09244791667 12.732421875 57.82568359375 11.96435546875 57.82568359375 10.99755859375 C 57.82568359375 10.01643880208 58.09513346354 9.24479166667 58.63403320313 8.6826171875 C 59.17293294271 8.12044270833 59.91145833333 7.83935546875 60.849609375 7.83935546875 C 61.15397135417 7.83935546875 61.451171875 7.87068684896 61.7412109375 7.93334960938 C 62.03125 7.99601236979 62.31233723958 8.09000651042 62.58447265625 8.21533203125 Z M 64.265625 5.642578125 L 65.25927734375 5.642578125 L 65.25927734375 10.57861328125 L 68.2080078125 7.984375 L 69.47021484375 7.984375 L 66.27978515625 10.798828125 L 69.6044921875 14 L 68.3154296875 14 L 65.25927734375 11.06201171875 L 65.25927734375 14 L 64.265625 14 L 64.265625 5.642578125 Z M 73.2138671875 10.97607421875 C 72.41536458333 10.97607421875 71.86214192708 11.0673828125 71.55419921875 11.25 C 71.24625651042 11.4326171875 71.09228515625 11.744140625 71.09228515625 12.1845703125 C 71.09228515625 12.53548177083 71.20776367188 12.81388346354 71.43872070313 13.01977539063 C 71.66967773438 13.22566731771 71.98388671875 13.32861328125 72.38134765625 13.32861328125 C 72.92919921875 13.32861328125 73.36873372396 13.13435872396 73.69995117188 12.74584960938 C 74.03116861979 12.35734049479 74.19677734375 11.8408203125 74.19677734375 11.1962890625 L 74.19677734375 10.97607421875 L 73.2138671875 10.97607421875 Z M 75.18505859375 10.56787109375 L 75.18505859375 14 L 74.19677734375 14 L 74.19677734375 13.0869140625 C 73.97119140625 13.4521484375 73.69010416667 13.72159830729 73.353515625 13.89526367188 C 73.01692708333 14.06892903646 72.60514322917 14.15576171875 72.1181640625 14.15576171875 C 71.50227864583 14.15576171875 71.01261393229 13.98299153646 70.64916992188 13.63745117188 C 70.28572591146 13.29191080729 70.10400390625 12.8291015625 70.10400390625 12.2490234375 C 70.10400390625 11.572265625 70.33048502604 11.06201171875 70.78344726563 10.71826171875 C 71.23640950521 10.37451171875 71.91227213542 10.20263671875 72.81103515625 10.20263671875 L 74.19677734375 10.20263671875 L 74.19677734375 10.10595703125 C 74.19677734375 9.65120442708 74.04728190104 9.29939778646 73.74829101563 9.05053710938 C 73.44930013021 8.80167643229 73.02945963542 8.67724609375 72.48876953125 8.67724609375 C 72.14501953125 8.67724609375 71.81022135417 8.71842447917 71.484375 8.80078125 C 71.15852864583 8.88313802083 70.84521484375 9.00667317708 70.54443359375 9.17138671875 L 70.54443359375 8.25830078125 C 70.90608723958 8.11865234375 71.25699869792 8.01391601563 71.59716796875 7.94409179688 C 71.93733723958 7.87426757813 72.2685546875 7.83935546875 72.5908203125 7.83935546875 C 73.4609375 7.83935546875 74.11083984375 8.06494140625 74.54052734375 8.51611328125 C 74.97021484375 8.96728515625 75.18505859375 9.65120442708 75.18505859375 10.56787109375 Z M 81.17919921875 10.92236328125 C 81.17919921875 10.20621744792 81.03149414063 9.65120442708 80.73608398438 9.25732421875 C 80.44067382813 8.86344401042 80.02620442708 8.66650390625 79.49267578125 8.66650390625 C 78.96272786458 8.66650390625 78.55004882813 8.86344401042 78.25463867188 9.25732421875 C 77.95922851563 9.65120442708 77.8115234375 10.20621744792 77.8115234375 10.92236328125 C 77.8115234375 11.63492838542 77.95922851563 12.18815104167 78.25463867188 12.58203125 C 78.55004882813 12.97591145833 78.96272786458 13.1728515625 79.49267578125 13.1728515625 C 80.02620442708 13.1728515625 80.44067382813 12.97591145833 80.73608398438 12.58203125 C 81.03149414063 12.18815104167 81.17919921875 11.63492838542 81.17919921875 10.92236328125 Z M 82.16748046875 13.25341796875 C 82.16748046875 14.27750651042 81.94010416667 15.03930664063 81.4853515625 15.53881835938 C 81.03059895833 16.03833007813 80.33414713542 16.2880859375 79.39599609375 16.2880859375 C 79.04866536458 16.2880859375 78.72102864583 16.26212565104 78.4130859375 16.21020507813 C 78.10514322917 16.15828450521 77.80615234375 16.07861328125 77.51611328125 15.97119140625 L 77.51611328125 15.009765625 C 77.80615234375 15.16731770833 78.09261067708 15.28369140625 78.37548828125 15.35888671875 C 78.65836588542 15.43408203125 78.94661458333 15.4716796875 79.240234375 15.4716796875 C 79.88834635417 15.4716796875 80.37353515625 15.30249023438 80.69580078125 14.96411132813 C 81.01806640625 14.62573242188 81.17919921875 14.11458333333 81.17919921875 13.4306640625 L 81.17919921875 12.94189453125 C 80.97509765625 13.29638671875 80.71370442708 13.56136067708 80.39501953125 13.73681640625 C 80.07633463542 13.91227213542 79.69498697917 14 79.2509765625 14 C 78.51334635417 14 77.9189453125 13.71891276042 77.4677734375 13.15673828125 C 77.0166015625 12.59456380208 76.791015625 11.84977213542 76.791015625 10.92236328125 C 76.791015625 9.99137369792 77.0166015625 9.24479166667 77.4677734375 8.6826171875 C 77.9189453125 8.12044270833 78.51334635417 7.83935546875 79.2509765625 7.83935546875 C 79.69498697917 7.83935546875 80.07633463542 7.92708333333 80.39501953125 8.1025390625 C 80.71370442708 8.27799479167 80.97509765625 8.54296875 81.17919921875 8.8974609375 L 81.17919921875 7.984375 L 82.16748046875 7.984375 L 82.16748046875 13.25341796875 Z M 89.3486328125 10.7451171875 L 89.3486328125 11.228515625 L 84.8046875 11.228515625 C 84.84765625 11.90885416667 85.05265299479 12.42716471354 85.41967773438 12.78344726563 C 85.78670247396 13.13972981771 86.2978515625 13.31787109375 86.953125 13.31787109375 C 87.33268229167 13.31787109375 87.70060221354 13.27132161458 88.05688476563 13.17822265625 C 88.41316731771 13.08512369792 88.76676432292 12.94547526042 89.11767578125 12.75927734375 L 89.11767578125 13.69384765625 C 88.76318359375 13.84423828125 88.39973958333 13.95882161458 88.02734375 14.03759765625 C 87.65494791667 14.11637369792 87.27718098958 14.15576171875 86.89404296875 14.15576171875 C 85.93440755208 14.15576171875 85.17439778646 13.87646484375 84.61401367188 13.31787109375 C 84.05362955729 12.75927734375 83.7734375 12.00374348958 83.7734375 11.05126953125 C 83.7734375 10.06656901042 84.03930664063 9.28507486979 84.57104492188 8.70678710938 C 85.10278320313 8.12849934896 85.81982421875 7.83935546875 86.72216796875 7.83935546875 C 87.53141276042 7.83935546875 88.17146809896 8.09985351563 88.64233398438 8.62084960938 C 89.11319986979 9.14184570313 89.3486328125 9.84993489583 89.3486328125 10.7451171875 Z M 88.3603515625 10.455078125 C 88.35319010417 9.91438802083 88.20190429688 9.48291015625 87.90649414063 9.16064453125 C 87.61108398438 8.83837890625 87.21988932292 8.67724609375 86.73291015625 8.67724609375 C 86.18147786458 8.67724609375 85.74015299479 8.8330078125 85.40893554688 9.14453125 C 85.07771809896 9.4560546875 84.88704427083 9.89469401042 84.8369140625 10.46044921875 L 88.3603515625 10.455078125 Z"/>
  <path
    id="vBack"
    fill="#010101"
    fill-opacity="0.3"
    stroke="#010101"
    stroke-width="0.3"
    d="M 105.49658203125 7.6953125 C 104.93798828125 7.6953125 104.51814778646 7.97013346354 104.23706054688 8.51977539063 C 103.95597330729 9.06941731771 103.8154296875 9.89567057292 103.8154296875 10.99853515625 C 103.8154296875 12.09781901042 103.95597330729 12.92228190104 104.23706054688 13.47192382813 C 104.51814778646 14.02156575521 104.93798828125 14.29638671875 105.49658203125 14.29638671875 C 106.05875651042 14.29638671875 106.48038736979 14.02156575521 106.76147460938 13.47192382813 C 107.04256184896 12.92228190104 107.18310546875 12.09781901042 107.18310546875 10.99853515625 C 107.18310546875 9.89567057292 107.04256184896 9.06941731771 106.76147460938 8.51977539063 C 106.48038736979 7.97013346354 106.05875651042 7.6953125 105.49658203125 7.6953125 Z M 105.49658203125 6.8359375 C 106.39534505208 6.8359375 107.08194986979 7.19132486979 107.55639648438 7.90209960938 C 108.03084309896 8.61287434896 108.26806640625 9.64501953125 108.26806640625 10.99853515625 C 108.26806640625 12.34847005208 108.03084309896 13.37882486979 107.55639648438 14.08959960938 C 107.08194986979 14.80037434896 106.39534505208 15.15576171875 105.49658203125 15.15576171875 C 104.59781901042 15.15576171875 103.91121419271 14.80037434896 103.43676757813 14.08959960938 C 102.96232096354 13.37882486979 102.72509765625 12.34847005208 102.72509765625 10.99853515625 C 102.72509765625 9.64501953125 102.96232096354 8.61287434896 103.43676757813 7.90209960938 C 103.91121419271 7.19132486979 104.59781901042 6.8359375 105.49658203125 6.8359375 Z M 110.1748046875 13.6357421875 L 111.30810546875 13.6357421875 L 111.30810546875 15 L 110.1748046875 15 L 110.1748046875 13.6357421875 Z M 115.99169921875 7.6953125 C 115.43310546875 7.6953125 115.01326497396 7.97013346354 114.73217773438 8.51977539063 C 114.45109049479 9.06941731771 114.310546875 9.89567057292 114.310546875 10.99853515625 C 114.310546875 12.09781901042 114.45109049479 12.92228190104 114.73217773438 13.47192382813 C 115.01326497396 14.02156575521 115.43310546875 14.29638671875 115.99169921875 14.29638671875 C 116.55387369792 14.29638671875 116.97550455729 14.02156575521 117.25659179688 13.47192382813 C 117.53767903646 12.92228190104 117.67822265625 12.09781901042 117.67822265625 10.99853515625 C 117.67822265625 9.89567057292 117.53767903646 9.06941731771 117.25659179688 8.51977539063 C 116.97550455729 7.97013346354 116.55387369792 7.6953125 115.99169921875 7.6953125 Z M 115.99169921875 6.8359375 C 116.89046223958 6.8359375 117.57706705729 7.19132486979 118.05151367188 7.90209960938 C 118.52596028646 8.61287434896 118.76318359375 9.64501953125 118.76318359375 10.99853515625 C 118.76318359375 12.34847005208 118.52596028646 13.37882486979 118.05151367188 14.08959960938 C 117.57706705729 14.80037434896 116.89046223958 15.15576171875 115.99169921875 15.15576171875 C 115.09293619792 15.15576171875 114.40633138021 14.80037434896 113.93188476563 14.08959960938 C 113.45743815104 13.37882486979 113.22021484375 12.34847005208 113.22021484375 10.99853515625 C 113.22021484375 9.64501953125 113.45743815104 8.61287434896 113.93188476563 7.90209960938 C 114.40633138021 7.19132486979 115.09293619792 6.8359375 115.99169921875 6.8359375 Z M 120.669921875 13.6357421875 L 121.80322265625 13.6357421875 L 121.80322265625 15 L 120.669921875 15 L 120.669921875 13.6357421875 Z M 123.892578125 6.98095703125 L 129.048828125 6.98095703125 L 129.048828125 7.44287109375 L 126.1376953125 15 L 125.00439453125 15 L 127.74365234375 7.89404296875 L 123.892578125 7.89404296875 L 123.892578125 6.98095703125 Z"/>
  <path
    id="vText"
    fill="#ffffff"
    stroke="#ffffff"
    stroke-width="0.3"
    d="M 105.49658203125 6.6953125 C 104.93798828125 6.6953125 104.51814778646 6.97013346354 104.23706054688 7.51977539063 C 103.95597330729 8.06941731771 103.8154296875 8.89567057292 103.8154296875 9.99853515625 C 103.8154296875 11.09781901042 103.95597330729 11.92228190104 104.23706054688 12.47192382813 C 104.51814778646 13.02156575521 104.93798828125 13.29638671875 105.49658203125 13.29638671875 C 106.05875651042 13.29638671875 106.48038736979 13.02156575521 106.76147460938 12.47192382813 C 107.04256184896 11.92228190104 107.18310546875 11.09781901042 107.18310546875 9.99853515625 C 107.18310546875 8.89567057292 107.04256184896 8.06941731771 106.76147460938 7.51977539063 C 106.48038736979 6.97013346354 106.05875651042 6.6953125 105.49658203125 6.6953125 Z M 105.49658203125 5.8359375 C 106.39534505208 5.8359375 107.08194986979 6.19132486979 107.55639648438 6.90209960938 C 108.03084309896 7.61287434896 108.26806640625 8.64501953125 108.26806640625 9.99853515625 C 108.26806640625 11.34847005208 108.03084309896 12.37882486979 107.55639648438 13.08959960938 C 107.08194986979 13.80037434896 106.39534505208 14.15576171875 105.49658203125 14.15576171875 C 104.59781901042 14.15576171875 103.91121419271 13.80037434896 103.43676757813 13.08959960938 C 102.96232096354 12.37882486979 102.72509765625 11.34847005208 102.72509765625 9.99853515625 C 102.72509765625 8.64501953125 102.96232096354 7.61287434896 103.43676757813 6.90209960938 C 103.91121419271 6.19132486979 104.59781901042 5.8359375 105.49658203125 5.8359375 Z M 110.1748046875 12.6357421875 L 111.30810546875 12.6357421875 L 111.30810546875 14 L 110.1748046875 14 L 110.1748046875 12.6357421875 Z M 115.99169921875 6.6953125 C 115.43310546875 6.6953125 115.01326497396 6.97013346354 114.73217773438 7.51977539063 C 114.45109049479 8.06941731771 114.310546875 8.89567057292 114.310546875 9.99853515625 C 114.310546875 11.09781901042 114.45109049479 11.92228190104 114.73217773438 12.47192382813 C 115.01326497396 13.02156575521 115.43310546875 13.29638671875 115.99169921875 13.29638671875 C 116.55387369792 13.29638671875 116.97550455729 13.02156575521 117.25659179688 12.47192382813 C 117.53767903646 11.92228190104 117.67822265625 11.09781901042 117.67822265625 9.99853515625 C 117.67822265625 8.89567057292 117.53767903646 8.06941731771 117.25659179688 7.51977539063 C 116.97550455729 6.97013346354 116.55387369792 6.6953125 115.99169921875 6.6953125 Z M 115.99169921875 5.8359375 C 116.89046223958 5.8359375 117.57706705729 6.19132486979 118.05151367188 6.90209960938 C 118.52596028646 7.61287434896 118.76318359375 8.64501953125 118.76318359375 9.99853515625 C 118.76318359375 11.34847005208 118.52596028646 12.37882486979 118.05151367188 13.08959960938 C 117.57706705729 13.80037434896 116.89046223958 14.15576171875 115.99169921875 14.15576171875 C 115.09293619792 14.15576171875 114.40633138021 13.80037434896 113.93188476563 13.08959960938 C 113.45743815104 12.37882486979 113.22021484375 11.34847005208 113.22021484375 9.99853515625 C 113.22021484375 8.64501953125 113.45743815104 7.61287434896 113.93188476563 6.90209960938 C 114.40633138021 6.19132486979 115.09293619792 5.8359375 115.99169921875 5.8359375 Z M 120.669921875 12.6357421875 L 121.80322265625 12.6357421875 L 121.80322265625 14 L 120.669921875 14 L 120.669921875 12.6357421875 Z M 123.892578125 5.98095703125 L 129.048828125 5.98095703125 L 129.048828125 6.44287109375 L 126.1376953125 14 L 125.00439453125 14 L 127.74365234375 6.89404296875 L 123.892578125 6.89404296875 L 123.892578125 5.98095703125 Z"/>
</svg>
